random 32x32 spin ising model with solution energy of -136,200,386.56
1 2 181
2 3 -60214
3 4 86532
4 5 2163
5 6 -147150
6 7 55083
7 8 -253055
8 9 66206
9 10 160656
10 11 54440
11 12 36467
12 13 98798
13 14 -75236
14 15 167222
15 16 -208566
16 17 -55658
17 18 83119
18 19 160339
19 20 93497
20 21 129258
21 22 -191095
22 23 20865
23 24 -60256
24 25 149432
25 26 27747
26 27 113046
27 28 -108123
28 29 189281
29 30 76155
30 31 -47399
31 32 -27925
32 1 166379
33 34 60827
34 35 72934
35 36 -88973
36 37 113329
37 38 96198
38 39 317618
39 40 47606
40 41 -15365
41 42 31479
42 43 159372
43 44 -125665
44 45 13470
45 46 -189094
46 47 37572
47 48 79911
48 49 -151562
49 50 59333
50 51 -91923
51 52 47081
52 53 59976
53 54 -19296
54 55 -138414
55 56 -26894
56 57 112813
57 58 107342
58 59 -51393
59 60 264207
60 61 -47266
61 62 -1284
62 63 -26415
63 64 39808
64 33 18731
65 66 106828
66 67 -116670
67 68 -106254
68 69 -46928
69 70 42080
70 71 -117263
71 72 79361
72 73 -21809
73 74 -155238
74 75 86164
75 76 -170594
76 77 -90904
77 78 89880
78 79 -36055
79 80 335998
80 81 154599
81 82 126531
82 83 87669
83 84 50332
84 85 -55687
85 86 -46965
86 87 22889
87 88 23038
88 89 -52607
89 90 -74702
90 91 -70841
91 92 117841
92 93 198421
93 94 -15514
94 95 -119205
95 96 66880
96 65 -141304
97 98 10167
98 99 230453
99 100 45537
100 101 66303
101 102 -66381
102 103 9845
103 104 -207832
104 105 -117283
105 106 -119195
106 107 79331
107 108 -42567
108 109 -140567
109 110 66215
110 111 25818
111 112 -171734
112 113 49277
113 114 -55502
114 115 15021
115 116 -54999
116 117 61406
117 118 -39050
118 119 -82340
119 120 -156834
120 121 19715
121 122 11114
122 123 -50717
123 124 46817
124 125 -515
125 126 -3632
126 127 143114
127 128 23848
128 97 -82296
129 130 86547
130 131 74617
131 132 102053
132 133 -39523
133 134 -100228
134 135 -291725
135 136 4131
136 137 53490
137 138 67168
138 139 106329
139 140 3891
140 141 96216
141 142 183222
142 143 -61968
143 144 -19649
144 145 -56349
145 146 227444
146 147 -169286
147 148 -101929
148 149 -86229
149 150 -21648
150 151 -57082
151 152 -66348
152 153 165738
153 154 85164
154 155 14359
155 156 -75170
156 157 -127061
157 158 145440
158 159 91305
159 160 -211837
160 129 -8590
161 162 -98669
162 163 -122942
163 164 -150493
164 165 14080
165 166 -213156
166 167 39060
167 168 -68781
168 169 723
169 170 2175
170 171 51388
171 172 91725
172 173 20000
173 174 77076
174 175 -156405
175 176 -82318
176 177 53979
177 178 -69214
178 179 -53984
179 180 -24515
180 181 -1532
181 182 9884
182 183 61964
183 184 60030
184 185 106209
185 186 -65184
186 187 92121
187 188 -151456
188 189 16756
189 190 -38238
190 191 -168495
191 192 26208
192 161 82013
193 194 -25357
194 195 -82380
195 196 37093
196 197 8696
197 198 58087
198 199 -119678
199 200 -23075
200 201 -178712
201 202 32627
202 203 -234866
203 204 102874
204 205 8091
205 206 72519
206 207 -44778
207 208 -23958
208 209 -216176
209 210 60890
210 211 -25982
211 212 -86359
212 213 -56858
213 214 23857
214 215 -268059
215 216 40010
216 217 99433
217 218 -153222
218 219 -40873
219 220 92482
220 221 -110336
221 222 156813
222 223 96924
223 224 35068
224 193 26480
225 226 -48615
226 227 136766
227 228 42246
228 229 71164
229 230 -159999
230 231 -27364
231 232 -23488
232 233 -3165
233 234 51841
234 235 44314
235 236 20360
236 237 -19096
237 238 -209215
238 239 -68792
239 240 95457
240 241 194122
241 242 -6842
242 243 -4776
243 244 26992
244 245 56286
245 246 -122245
246 247 -190866
247 248 94150
248 249 33698
249 250 58332
250 251 99076
251 252 -24993
252 253 158353
253 254 -12238
254 255 18948
255 256 -81688
256 225 -181135
257 258 10022
258 259 10353
259 260 -365909
260 261 9021
261 262 317358
262 263 -186531
263 264 59516
264 265 121381
265 266 -97429
266 267 -30921
267 268 127912
268 269 7228
269 270 -36966
270 271 52882
271 272 -72843
272 273 79063
273 274 29891
274 275 58471
275 276 -109271
276 277 20108
277 278 -42868
278 279 -52810
279 280 -23878
280 281 -3537
281 282 278076
282 283 -70718
283 284 133804
284 285 23314
285 286 223165
286 287 -4690
287 288 -100958
288 257 27575
289 290 123537
290 291 25174
291 292 70447
292 293 -20142
293 294 51118
294 295 -131775
295 296 -64726
296 297 84533
297 298 57400
298 299 -14781
299 300 53274
300 301 -87378
301 302 -1603
302 303 126605
303 304 12008
304 305 -351
305 306 75209
306 307 -80929
307 308 33856
308 309 86964
309 310 -186975
310 311 -40537
311 312 76649
312 313 104103
313 314 -75546
314 315 99937
315 316 -83766
316 317 64298
317 318 -40817
318 319 -127640
319 320 116055
320 289 42607
321 322 38638
322 323 -40708
323 324 12313
324 325 -43972
325 326 94783
326 327 30266
327 328 -124828
328 329 -128155
329 330 -58161
330 331 -122532
331 332 -28829
332 333 -33411
333 334 -44904
334 335 105195
335 336 30644
336 337 -33909
337 338 94919
338 339 18942
339 340 -173208
340 341 -228840
341 342 16326
342 343 21691
343 344 80845
344 345 -24166
345 346 173450
346 347 76957
347 348 61595
348 349 14310
349 350 -55733
350 351 57362
351 352 48667
352 321 -21420
353 354 -25707
354 355 -158081
355 356 -66022
356 357 67405
357 358 57259
358 359 3130
359 360 -118721
360 361 -12064
361 362 10661
362 363 82061
363 364 -93581
364 365 -63264
365 366 56040
366 367 140505
367 368 175907
368 369 29313
369 370 67411
370 371 114899
371 372 73318
372 373 -21441
373 374 6262
374 375 9454
375 376 7547
376 377 -32787
377 378 50723
378 379 -28768
379 380 -122390
380 381 -34814
381 382 101295
382 383 -45460
383 384 110090
384 353 -16778
385 386 67605
386 387 47374
387 388 154128
388 389 25992
389 390 -25025
390 391 -301
391 392 -67148
392 393 127934
393 394 56904
394 395 6712
395 396 214833
396 397 43054
397 398 108084
398 399 88854
399 400 70206
400 401 39536
401 402 -133344
402 403 -14382
403 404 -107590
404 405 58722
405 406 -78189
406 407 14657
407 408 -22240
408 409 -33286
409 410 186173
410 411 144998
411 412 -10869
412 413 69265
413 414 -63674
414 415 18817
415 416 -117797
416 385 -30982
417 418 47885
418 419 -61942
419 420 -56078
420 421 153496
421 422 170224
422 423 37580
423 424 -39781
424 425 190237
425 426 31620
426 427 -145536
427 428 62121
428 429 141703
429 430 -70
430 431 82443
431 432 9718
432 433 -73868
433 434 -95640
434 435 158864
435 436 8355
436 437 -184523
437 438 37962
438 439 -127146
439 440 -85053
440 441 -66244
441 442 -162133
442 443 -17106
443 444 88559
444 445 31872
445 446 -125043
446 447 -800
447 448 92202
448 417 -35746
449 450 -46996
450 451 58748
451 452 121404
452 453 -62772
453 454 -48834
454 455 141149
455 456 97992
456 457 220013
457 458 -30147
458 459 -41565
459 460 -28700
460 461 142234
461 462 -71451
462 463 22531
463 464 279050
464 465 38689
465 466 201302
466 467 -74230
467 468 -166965
468 469 -60621
469 470 -38623
470 471 102119
471 472 171918
472 473 -89743
473 474 -152841
474 475 160908
475 476 76039
476 477 -75616
477 478 -55765
478 479 57764
479 480 6626
480 449 -25151
481 482 34308
482 483 -33331
483 484 -14469
484 485 -101698
485 486 54007
486 487 -44464
487 488 -74451
488 489 -28806
489 490 -283520
490 491 -13417
491 492 -49331
492 493 75976
493 494 -63566
494 495 -182931
495 496 40568
496 497 -59906
497 498 3912
498 499 -121569
499 500 -85313
500 501 105112
501 502 -120832
502 503 -73426
503 504 30651
504 505 17187
505 506 -60600
506 507 -71038
507 508 3314
508 509 -141578
509 510 76451
510 511 -147806
511 512 30201
512 481 138787
513 514 127458
514 515 -79723
515 516 138716
516 517 -180274
517 518 -44705
518 519 80277
519 520 -46857
520 521 -160225
521 522 6418
522 523 -10037
523 524 5081
524 525 142060
525 526 -116703
526 527 -37982
527 528 -83860
528 529 -116381
529 530 -113582
530 531 -85857
531 532 105616
532 533 -10295
533 534 86988
534 535 110029
535 536 30159
536 537 -131420
537 538 22701
538 539 25308
539 540 -113060
540 541 9865
541 542 -119138
542 543 105768
543 544 5595
544 513 94516
545 546 48634
546 547 -98513
547 548 -27710
548 549 30259
549 550 22754
550 551 -5948
551 552 -63922
552 553 1292
553 554 -66635
554 555 -171557
555 556 -32173
556 557 -69912
557 558 -45409
558 559 -48204
559 560 19937
560 561 -46143
561 562 249839
562 563 141987
563 564 26973
564 565 115010
565 566 -7582
566 567 -10545
567 568 -12225
568 569 -128331
569 570 -38182
570 571 -55343
571 572 -34326
572 573 -73388
573 574 -53699
574 575 -68241
575 576 -55935
576 545 -111098
577 578 -94341
578 579 78797
579 580 -41485
580 581 138239
581 582 -33734
582 583 31876
583 584 204568
584 585 -125631
585 586 114856
586 587 -5956
587 588 -29702
588 589 19776
589 590 -48115
590 591 2967
591 592 -19306
592 593 87326
593 594 89080
594 595 198013
595 596 116759
596 597 -179591
597 598 -83513
598 599 -144291
599 600 -30973
600 601 13306
601 602 6891
602 603 -101026
603 604 -42453
604 605 28390
605 606 160283
606 607 29148
607 608 142458
608 577 -49095
609 610 74570
610 611 -254172
611 612 -210644
612 613 -111113
613 614 -30844
614 615 -61972
615 616 -8667
616 617 87421
617 618 111398
618 619 9800
619 620 250060
620 621 77088
621 622 -224621
622 623 88981
623 624 -22644
624 625 -135733
625 626 60834
626 627 -74222
627 628 -18805
628 629 7053
629 630 155404
630 631 -68599
631 632 74796
632 633 -26596
633 634 80187
634 635 -23593
635 636 -86195
636 637 -200001
637 638 5879
638 639 -30363
639 640 -135681
640 609 -46205
641 642 84098
642 643 159210
643 644 105358
644 645 -27927
645 646 14960
646 647 27790
647 648 -30822
648 649 10341
649 650 -123549
650 651 -91434
651 652 44981
652 653 -7086
653 654 63138
654 655 145527
655 656 -234841
656 657 -101923
657 658 -80794
658 659 -76232
659 660 141750
660 661 -80872
661 662 -138310
662 663 61721
663 664 104836
664 665 151498
665 666 -68579
666 667 82791
667 668 269631
668 669 -144152
669 670 -37236
670 671 -46909
671 672 -14376
672 641 234291
673 674 -101347
674 675 37292
675 676 -5929
676 677 60336
677 678 -14247
678 679 -83813
679 680 -44243
680 681 -112598
681 682 62033
682 683 15632
683 684 47784
684 685 -10419
685 686 24020
686 687 131433
687 688 77268
688 689 92532
689 690 -17708
690 691 -125483
691 692 -38538
692 693 56127
693 694 -23358
694 695 -26920
695 696 -336739
696 697 91801
697 698 13090
698 699 -143233
699 700 -106592
700 701 103514
701 702 40455
702 703 108231
703 704 -32778
704 673 -137791
705 706 -17896
706 707 -12372
707 708 -282520
708 709 203435
709 710 -79066
710 711 11234
711 712 -61761
712 713 107073
713 714 -164677
714 715 -72784
715 716 122325
716 717 51461
717 718 212584
718 719 36791
719 720 116153
720 721 -142160
721 722 -214173
722 723 60596
723 724 -97410
724 725 36809
725 726 143868
726 727 107248
727 728 209786
728 729 -106961
729 730 -156878
730 731 -107901
731 732 -115084
732 733 -15947
733 734 37314
734 735 148897
735 736 68666
736 705 63350
737 738 176742
738 739 -121648
739 740 -59028
740 741 211788
741 742 155082
742 743 -25361
743 744 -5982
744 745 -64710
745 746 -50438
746 747 -96825
747 748 87729
748 749 173456
749 750 -43454
750 751 87641
751 752 -140982
752 753 -134837
753 754 107117
754 755 65927
755 756 -207839
756 757 3740
757 758 98591
758 759 -178423
759 760 117413
760 761 156366
761 762 -10944
762 763 -41678
763 764 -36960
764 765 -27205
765 766 -64660
766 767 -172851
767 768 -132754
768 737 91449
769 770 -111562
770 771 -69592
771 772 5481
772 773 52505
773 774 -27164
774 775 19570
775 776 -183141
776 777 -89101
777 778 31185
778 779 154912
779 780 126072
780 781 12367
781 782 109154
782 783 33831
783 784 5286
784 785 496
785 786 -20808
786 787 -51954
787 788 -64206
788 789 -94812
789 790 -112833
790 791 -3133
791 792 141158
792 793 98459
793 794 -21452
794 795 79573
795 796 246435
796 797 69515
797 798 -59536
798 799 -3978
799 800 45031
800 769 98821
801 802 160323
802 803 -45392
803 804 -68546
804 805 -27666
805 806 -164174
806 807 -58955
807 808 126955
808 809 135901
809 810 -55684
810 811 -162157
811 812 136718
812 813 -204536
813 814 -145352
814 815 41819
815 816 15860
816 817 -87574
817 818 -13088
818 819 23379
819 820 94590
820 821 54644
821 822 120609
822 823 -11387
823 824 85872
824 825 112043
825 826 -32727
826 827 -19853
827 828 229077
828 829 162274
829 830 -87709
830 831 -112356
831 832 88036
832 801 -105324
833 834 109678
834 835 73642
835 836 73112
836 837 108626
837 838 52466
838 839 -51428
839 840 129404
840 841 -220470
841 842 24966
842 843 -110550
843 844 52653
844 845 -47031
845 846 -129992
846 847 74493
847 848 -23546
848 849 38731
849 850 120188
850 851 81292
851 852 -953
852 853 129018
853 854 -125467
854 855 -125500
855 856 -42787
856 857 -47595
857 858 137558
858 859 -14896
859 860 6581
860 861 135666
861 862 45478
862 863 10339
863 864 -53138
864 833 -2970
865 866 37996
866 867 53266
867 868 -84108
868 869 108380
869 870 80614
870 871 154857
871 872 -9655
872 873 -21829
873 874 -19598
874 875 -137874
875 876 -157415
876 877 -78124
877 878 -36257
878 879 -33559
879 880 61387
880 881 -41884
881 882 63290
882 883 19744
883 884 61660
884 885 31717
885 886 261362
886 887 -17598
887 888 51250
888 889 -107596
889 890 19563
890 891 -118666
891 892 121534
892 893 62680
893 894 -63665
894 895 62191
895 896 -54003
896 865 -9740
897 898 11448
898 899 -181736
899 900 -104884
900 901 -120429
901 902 -11374
902 903 160830
903 904 -21617
904 905 -133875
905 906 -195656
906 907 29928
907 908 5010
908 909 -39494
909 910 -141392
910 911 149478
911 912 172405
912 913 132627
913 914 157776
914 915 -225399
915 916 149056
916 917 65807
917 918 -30281
918 919 -133662
919 920 27505
920 921 -145528
921 922 -205050
922 923 -113161
923 924 -16368
924 925 107632
925 926 27001
926 927 100592
927 928 125570
928 897 197335
929 930 82980
930 931 171946
931 932 63613
932 933 29076
933 934 -196784
934 935 -93342
935 936 -9678
936 937 47161
937 938 9360
938 939 50059
939 940 -210570
940 941 43515
941 942 98740
942 943 140428
943 944 85536
944 945 31310
945 946 -58514
946 947 -137709
947 948 12275
948 949 174257
949 950 138744
950 951 -148581
951 952 -19875
952 953 9444
953 954 15919
954 955 -186169
955 956 25629
956 957 63945
957 958 33690
958 959 161487
959 960 43769
960 929 -87607
961 962 26821
962 963 -52892
963 964 -81609
964 965 -69703
965 966 -117892
966 967 -110198
967 968 -45561
968 969 207522
969 970 -118389
970 971 113525
971 972 70265
972 973 -41169
973 974 -85269
974 975 54680
975 976 -54
976 977 75921
977 978 139493
978 979 44847
979 980 63499
980 981 -61618
981 982 205338
982 983 -56689
983 984 -261380
984 985 -12497
985 986 -313435
986 987 -14226
987 988 -38980
988 989 -21882
989 990 47107
990 991 31049
991 992 -18509
992 961 -4250
993 994 -22810
994 995 43761
995 996 45629
996 997 -191122
997 998 129471
998 999 96036
999 1000 -119969
1000 1001 -139908
1001 1002 -79662
1002 1003 -43172
1003 1004 -114719
1004 1005 -125159
1005 1006 66843
1006 1007 58071
1007 1008 -17944
1008 1009 94702
1009 1010 -49712
1010 1011 134549
1011 1012 67250
1012 1013 -68036
1013 1014 -102046
1014 1015 120757
1015 1016 64016
1016 1017 154237
1017 1018 -122201
1018 1019 -839
1019 1020 14872
1020 1021 -18862
1021 1022 -6622
1022 1023 12019
1023 1024 -30629
1024 993 -18864
1 33 -146515
2 34 124484
3 35 -46832
4 36 159996
5 37 -37901
6 38 11367
7 39 26127
8 40 -6802
9 41 -74846
10 42 7452
11 43 -25524
12 44 55336
13 45 94370
14 46 -13429
15 47 60249
16 48 -35242
17 49 28700
18 50 109523
19 51 121582
20 52 -27251
21 53 -22646
22 54 13607
23 55 -80229
24 56 31024
25 57 -17505
26 58 13873
27 59 -215439
28 60 81738
29 61 44347
30 62 -15511
31 63 123040
32 64 27310
33 65 -57128
34 66 -142585
35 67 58880
36 68 -131309
37 69 96190
38 70 -1977
39 71 -124453
40 72 -147321
41 73 -59586
42 74 -16252
43 75 -194781
44 76 -3314
45 77 121742
46 78 77591
47 79 -32075
48 80 -34123
49 81 85620
50 82 -116204
51 83 -86414
52 84 31023
53 85 -77492
54 86 72256
55 87 22717
56 88 25371
57 89 880
58 90 66266
59 91 23866
60 92 25713
61 93 -108787
62 94 -13856
63 95 170910
64 96 -29598
65 97 -10026
66 98 626
67 99 86671
68 100 -181515
69 101 -21864
70 102 207487
71 103 34507
72 104 51600
73 105 54807
74 106 -92461
75 107 -163146
76 108 160248
77 109 -212956
78 110 -89364
79 111 271049
80 112 86925
81 113 -20688
82 114 9893
83 115 165100
84 116 -2965
85 117 86986
86 118 174359
87 119 -34847
88 120 122277
89 121 -224923
90 122 4595
91 123 35594
92 124 185462
93 125 124544
94 126 -66525
95 127 -90559
96 128 -20722
97 129 73802
98 130 30322
99 131 -109696
100 132 -31127
101 133 -69735
102 134 11790
103 135 115257
104 136 -181619
105 137 130244
106 138 200831
107 139 117798
108 140 -26422
109 141 -40495
110 142 -2773
111 143 57306
112 144 -99192
113 145 -132806
114 146 152817
115 147 55208
116 148 -19343
117 149 -97
118 150 194075
119 151 115421
120 152 -5879
121 153 77349
122 154 115167
123 155 -38468
124 156 112279
125 157 11985
126 158 -177152
127 159 -36802
128 160 -54612
129 161 81315
130 162 -54905
131 163 137169
132 164 41552
133 165 -76290
134 166 -61333
135 167 57167
136 168 19573
137 169 50955
138 170 -80114
139 171 -54911
140 172 55075
141 173 58506
142 174 151180
143 175 103112
144 176 115638
145 177 -22945
146 178 22521
147 179 -67047
148 180 123314
149 181 10346
150 182 -95639
151 183 -113053
152 184 157529
153 185 -27970
154 186 44624
155 187 -48262
156 188 -130563
157 189 -42197
158 190 33418
159 191 -182551
160 192 -56113
161 193 39367
162 194 -204855
163 195 -88733
164 196 81596
165 197 -79191
166 198 134778
167 199 -34859
168 200 -38215
169 201 -118205
170 202 -100191
171 203 -50379
172 204 -125721
173 205 -166015
174 206 -75584
175 207 20830
176 208 -109326
177 209 -103120
178 210 -87860
179 211 -85006
180 212 -10111
181 213 -130007
182 214 -81004
183 215 7032
184 216 -108612
185 217 -230389
186 218 -18913
187 219 36992
188 220 -15156
189 221 1798
190 222 -242309
191 223 -13246
192 224 -16281
193 225 -121978
194 226 28018
195 227 80611
196 228 48321
197 229 60638
198 230 22625
199 231 -80064
200 232 -98105
201 233 30342
202 234 66067
203 235 94765
204 236 -5403
205 237 124178
206 238 107303
207 239 67565
208 240 165164
209 241 -24678
210 242 58779
211 243 -80694
212 244 8162
213 245 -29682
214 246 -130355
215 247 -58350
216 248 -10404
217 249 -67417
218 250 -3749
219 251 -37517
220 252 97307
221 253 -10282
222 254 -120128
223 255 -58810
224 256 -2156
225 257 -89611
226 258 142961
227 259 -29862
228 260 -130190
229 261 -16190
230 262 -35960
231 263 -20760
232 264 26570
233 265 91220
234 266 -242177
235 267 -121754
236 268 91784
237 269 85018
238 270 125008
239 271 -75743
240 272 19223
241 273 64311
242 274 90156
243 275 -4205
244 276 63389
245 277 -35057
246 278 -132348
247 279 -129490
248 280 99685
249 281 -81062
250 282 136207
251 283 55384
252 284 -48246
253 285 -233208
254 286 -1196
255 287 137689
256 288 -25487
257 289 184312
258 290 178625
259 291 132976
260 292 28225
261 293 -160565
262 294 -72864
263 295 95735
264 296 -166570
265 297 274685
266 298 -10254
267 299 -27542
268 300 96502
269 301 -174092
270 302 7969
271 303 -85494
272 304 25504
273 305 -93639
274 306 -109816
275 307 -385
276 308 -30660
277 309 -160969
278 310 24123
279 311 110742
280 312 -90723
281 313 135544
282 314 -163864
283 315 -107347
284 316 106279
285 317 -31898
286 318 28431
287 319 -112580
288 320 32670
289 321 -19373
290 322 -97012
291 323 30831
292 324 -46599
293 325 -30213
294 326 -5934
295 327 -30174
296 328 71479
297 329 102494
298 330 -134637
299 331 -43589
300 332 57493
301 333 14622
302 334 -59219
303 335 -1947
304 336 -90657
305 337 -43781
306 338 35988
307 339 18037
308 340 23348
309 341 28718
310 342 -82653
311 343 7199
312 344 199713
313 345 53208
314 346 84650
315 347 40632
316 348 149916
317 349 34328
318 350 29043
319 351 387035
320 352 17954
321 353 -89789
322 354 36177
323 355 -27560
324 356 49300
325 357 -80993
326 358 47671
327 359 -138006
328 360 -23470
329 361 -76333
330 362 -6805
331 363 -80492
332 364 43997
333 365 59727
334 366 19222
335 367 -128428
336 368 12824
337 369 53424
338 370 83902
339 371 22341
340 372 -40459
341 373 36271
342 374 2853
343 375 186171
344 376 138189
345 377 17191
346 378 -179629
347 379 -82353
348 380 226972
349 381 79093
350 382 -93790
351 383 71283
352 384 -12630
353 385 32827
354 386 -97466
355 387 107740
356 388 53249
357 389 44400
358 390 -15990
359 391 -93818
360 392 -83082
361 393 89850
362 394 -220459
363 395 -14840
364 396 15958
365 397 -15034
366 398 -36211
367 399 92304
368 400 91636
369 401 199998
370 402 82238
371 403 27563
372 404 26604
373 405 71769
374 406 -23610
375 407 -44034
376 408 -130615
377 409 73468
378 410 -162143
379 411 -168569
380 412 -35842
381 413 133126
382 414 36287
383 415 89707
384 416 -129835
385 417 -41794
386 418 114580
387 419 -11215
388 420 -39738
389 421 -15737
390 422 -65235
391 423 -72857
392 424 -136408
393 425 -42610
394 426 33280
395 427 -42841
396 428 58572
397 429 -14419
398 430 -145893
399 431 -8973
400 432 233312
401 433 -89
402 434 -67250
403 435 -29165
404 436 84501
405 437 35548
406 438 103227
407 439 146691
408 440 -149837
409 441 -130953
410 442 185232
411 443 149320
412 444 -7056
413 445 -302180
414 446 -54504
415 447 32842
416 448 -142191
417 449 -37792
418 450 -1781
419 451 -146580
420 452 -162713
421 453 -239740
422 454 83572
423 455 -37517
424 456 72839
425 457 25464
426 458 73843
427 459 -205579
428 460 -81290
429 461 28671
430 462 -38685
431 463 211196
432 464 31232
433 465 -88344
434 466 -167299
435 467 -121191
436 468 -107865
437 469 -60039
438 470 29396
439 471 7997
440 472 66721
441 473 145523
442 474 65152
443 475 -44056
444 476 -15466
445 477 103920
446 478 -102459
447 479 143062
448 480 44492
449 481 -93763
450 482 15737
451 483 2998
452 484 113840
453 485 -233995
454 486 180485
455 487 -67812
456 488 -62990
457 489 50502
458 490 -91326
459 491 -149485
460 492 18100
461 493 -128785
462 494 -118923
463 495 -177608
464 496 -165963
465 497 -144709
466 498 -2260
467 499 65596
468 500 201385
469 501 56423
470 502 51655
471 503 22653
472 504 -87545
473 505 108304
474 506 -18911
475 507 -43478
476 508 -20560
477 509 -140195
478 510 66105
479 511 -183498
480 512 -228601
481 513 -1946
482 514 62283
483 515 102258
484 516 -13264
485 517 -54318
486 518 -145268
487 519 -162615
488 520 -138827
489 521 -25605
490 522 -94704
491 523 9488
492 524 33417
493 525 68246
494 526 -137813
495 527 22482
496 528 16734
497 529 11884
498 530 -56792
499 531 -100308
500 532 -157074
501 533 87708
502 534 -68858
503 535 57941
504 536 -31297
505 537 70336
506 538 237169
507 539 -79303
508 540 -46498
509 541 -89346
510 542 -188186
511 543 -128185
512 544 -99636
513 545 128217
514 546 155843
515 547 -43565
516 548 9773
517 549 -2119
518 550 -59290
519 551 -10086
520 552 10193
521 553 90932
522 554 -76361
523 555 -180839
524 556 101937
525 557 38707
526 558 -129866
527 559 -100881
528 560 93845
529 561 29547
530 562 -104363
531 563 84380
532 564 -98119
533 565 -158946
534 566 194103
535 567 -124994
536 568 -50515
537 569 -40021
538 570 -75876
539 571 -19251
540 572 -72263
541 573 130329
542 574 141538
543 575 -40307
544 576 -99960
545 577 51763
546 578 -50875
547 579 -117081
548 580 123503
549 581 -50605
550 582 -103995
551 583 81593
552 584 186437
553 585 -211623
554 586 -1583
555 587 143961
556 588 -97295
557 589 -98128
558 590 -95145
559 591 11992
560 592 -18595
561 593 -33380
562 594 18304
563 595 -39445
564 596 -55868
565 597 70918
566 598 -1335
567 599 -22336
568 600 33499
569 601 -41361
570 602 -162569
571 603 -110595
572 604 18863
573 605 -198533
574 606 17978
575 607 69124
576 608 -134050
577 609 46004
578 610 11696
579 611 16499
580 612 -123298
581 613 77685
582 614 -153617
583 615 23826
584 616 76245
585 617 -33693
586 618 51349
587 619 -10001
588 620 104304
589 621 -72764
590 622 485
591 623 -154414
592 624 -52958
593 625 -117769
594 626 138879
595 627 -89262
596 628 53517
597 629 -134921
598 630 -28622
599 631 -46105
600 632 -123447
601 633 -88239
602 634 36403
603 635 136408
604 636 -92002
605 637 -19180
606 638 -115417
607 639 -73287
608 640 -12178
609 641 7330
610 642 146771
611 643 147757
612 644 153301
613 645 74078
614 646 17077
615 647 -7365
616 648 -28129
617 649 -94908
618 650 58801
619 651 -32888
620 652 44769
621 653 124114
622 654 -27540
623 655 -78518
624 656 41925
625 657 35676
626 658 173377
627 659 7719
628 660 -64093
629 661 -177977
630 662 -4723
631 663 274725
632 664 -95541
633 665 81828
634 666 3349
635 667 -50910
636 668 12375
637 669 8427
638 670 -105363
639 671 -67304
640 672 42707
641 673 92572
642 674 -75398
643 675 73014
644 676 -147871
645 677 29960
646 678 91664
647 679 9456
648 680 34481
649 681 48148
650 682 -17503
651 683 20346
652 684 53078
653 685 -98365
654 686 -64367
655 687 27315
656 688 71648
657 689 -29329
658 690 153565
659 691 -12749
660 692 76414
661 693 -20490
662 694 -83160
663 695 38255
664 696 24456
665 697 51604
666 698 -60426
667 699 -80291
668 700 30255
669 701 -148814
670 702 177790
671 703 -60507
672 704 27766
673 705 36723
674 706 -15385
675 707 112099
676 708 1387
677 709 -179930
678 710 -253453
679 711 -118522
680 712 29820
681 713 -171344
682 714 -2062
683 715 -123835
684 716 140970
685 717 4930
686 718 -74136
687 719 152774
688 720 -56545
689 721 -28940
690 722 -41280
691 723 -31536
692 724 91223
693 725 93215
694 726 11311
695 727 94008
696 728 -12029
697 729 -79569
698 730 -62789
699 731 11478
700 732 18434
701 733 -70963
702 734 41219
703 735 9364
704 736 469
705 737 -74871
706 738 -63266
707 739 -167343
708 740 -12576
709 741 -159316
710 742 -114190
711 743 -21712
712 744 4876
713 745 -55803
714 746 211278
715 747 -11419
716 748 11039
717 749 -149391
718 750 25121
719 751 -108578
720 752 35851
721 753 43204
722 754 -108421
723 755 11307
724 756 50488
725 757 -54280
726 758 -168214
727 759 -107441
728 760 98430
729 761 -13035
730 762 -132907
731 763 -173695
732 764 -73365
733 765 5174
734 766 32699
735 767 -62808
736 768 -59304
737 769 110356
738 770 24673
739 771 -78075
740 772 -22662
741 773 -72153
742 774 -88058
743 775 -199515
744 776 80931
745 777 117960
746 778 -79169
747 779 -144131
748 780 63437
749 781 -71159
750 782 145491
751 783 -79206
752 784 179129
753 785 -14066
754 786 6404
755 787 -111466
756 788 3608
757 789 -53506
758 790 -216964
759 791 948
760 792 -73695
761 793 -109856
762 794 -157478
763 795 -4709
764 796 -53182
765 797 94921
766 798 34012
767 799 123427
768 800 -21375
769 801 44122
770 802 -130114
771 803 65404
772 804 -59851
773 805 123300
774 806 -80075
775 807 154832
776 808 41755
777 809 -124430
778 810 254742
779 811 20451
780 812 -22157
781 813 -143231
782 814 68355
783 815 47466
784 816 147417
785 817 -189195
786 818 -61452
787 819 139244
788 820 -117309
789 821 74298
790 822 50267
791 823 21189
792 824 -77238
793 825 -169830
794 826 95766
795 827 15207
796 828 -50393
797 829 192896
798 830 41249
799 831 94600
800 832 115475
801 833 -50387
802 834 -153569
803 835 88327
804 836 7957
805 837 15424
806 838 53024
807 839 -10598
808 840 -162028
809 841 5419
810 842 88600
811 843 16600
812 844 -55684
813 845 -71127
814 846 -7690
815 847 -273170
816 848 36822
817 849 -112755
818 850 66550
819 851 2542
820 852 -77012
821 853 -15016
822 854 154400
823 855 -92565
824 856 89931
825 857 86569
826 858 -148345
827 859 42883
828 860 -104388
829 861 -58079
830 862 -85011
831 863 68731
832 864 -56027
833 865 -103445
834 866 -130794
835 867 -18800
836 868 23040
837 869 21636
838 870 -142489
839 871 -11400
840 872 -70339
841 873 39628
842 874 -133062
843 875 -140665
844 876 -58641
845 877 -19800
846 878 55439
847 879 40127
848 880 62718
849 881 60398
850 882 -120418
851 883 5024
852 884 -5050
853 885 -85631
854 886 -50545
855 887 -35698
856 888 -104911
857 889 -99441
858 890 183637
859 891 100179
860 892 -20206
861 893 27873
862 894 -240984
863 895 -146350
864 896 66947
865 897 -62231
866 898 -2464
867 899 5215
868 900 -40088
869 901 -28902
870 902 -107058
871 903 -152920
872 904 -98769
873 905 50885
874 906 -268986
875 907 -181306
876 908 -129536
877 909 -17021
878 910 118959
879 911 -36118
880 912 72520
881 913 -7748
882 914 24814
883 915 -95202
884 916 8855
885 917 199890
886 918 107512
887 919 221781
888 920 51012
889 921 -278899
890 922 153789
891 923 -93442
892 924 -36483
893 925 65040
894 926 42443
895 927 -39250
896 928 -48710
897 929 142361
898 930 24003
899 931 58319
900 932 33163
901 933 -964
902 934 -24036
903 935 11328
904 936 -65454
905 937 -113152
906 938 14059
907 939 -63232
908 940 45960
909 941 13938
910 942 69861
911 943 22112
912 944 -13212
913 945 83180
914 946 127644
915 947 -56885
916 948 13477
917 949 -38986
918 950 48106
919 951 -115693
920 952 -51481
921 953 -81148
922 954 -103699
923 955 122447
924 956 -91641
925 957 -116380
926 958 -11886
927 959 54343
928 960 -10977
929 961 -66139
930 962 90816
931 963 -81335
932 964 264839
933 965 -40762
934 966 131166
935 967 -38133
936 968 34481
937 969 -20286
938 970 36543
939 971 106379
940 972 -61744
941 973 188341
942 974 88264
943 975 5085
944 976 -41632
945 977 -2235
946 978 -67749
947 979 144153
948 980 -49786
949 981 86790
950 982 114322
951 983 74314
952 984 -31844
953 985 -107189
954 986 -163775
955 987 -105214
956 988 -1752
957 989 192039
958 990 105164
959 991 23233
960 992 -11769
961 993 121857
962 994 149528
963 995 88720
964 996 -12375
965 997 -21310
966 998 -38561
967 999 73449
968 1000 87096
969 1001 -26360
970 1002 136215
971 1003 89038
972 1004 -404376
973 1005 18474
974 1006 94010
975 1007 155240
976 1008 -51156
977 1009 17722
978 1010 168212
979 1011 53986
980 1012 -60763
981 1013 -101059
982 1014 -2267
983 1015 -63803
984 1016 -68217
985 1017 -24949
986 1018 -45779
987 1019 -103556
988 1020 -15447
989 1021 89510
990 1022 96132
991 1023 28586
992 1024 184021
993 1 -101543
994 2 103371
995 3 -98094
996 4 -79268
997 5 8388
998 6 157163
999 7 33486
1000 8 93992
1001 9 60063
1002 10 30819
1003 11 -60504
1004 12 15873
1005 13 -45403
1006 14 128761
1007 15 65078
1008 16 -23168
1009 17 -7696
1010 18 17945
1011 19 68062
1012 20 45091
1013 21 78308
1014 22 -120662
1015 23 -70185
1016 24 -57304
1017 25 135353
1018 26 -59510
1019 27 -17949
1020 28 15602
1021 29 -93674
1022 30 80949
1023 31 -43108
1024 32 127092
