144 288 18880.000
1 2 -28420
2 3 17885
3 4 -146311
4 5 128784
5 6 -31160
6 7 -177383
7 8 -40047
8 9 65707
9 10 -71454
10 11 -196807
11 12 -267885
12 1 157057
13 14 -74826
14 15 -134838
15 16 -206903
16 17 -170046
17 18 227311
18 19 -44482
19 20 -32976
20 21 -70577
21 22 28012
22 23 140532
23 24 -126779
24 13 13453
25 26 17520
26 27 204839
27 28 82795
28 29 6486
29 30 -56320
30 31 -121898
31 32 -21288
32 33 -198846
33 34 -3789
34 35 -55588
35 36 -28235
36 25 -23054
37 38 8153
38 39 -32082
39 40 -127687
40 41 105384
41 42 -1893
42 43 -283849
43 44 -133902
44 45 150002
45 46 70735
46 47 67496
47 48 -96812
48 37 115132
49 50 -21711
50 51 8514
51 52 105597
52 53 48501
53 54 -17972
54 55 -68358
55 56 16160
56 57 -187610
57 58 -86953
58 59 -35599
59 60 10048
60 49 141993
61 62 -44317
62 63 198470
63 64 -37093
64 65 -41225
65 66 -232150
66 67 -14572
67 68 65687
68 69 20827
69 70 -97984
70 71 136866
71 72 -166619
72 61 27625
73 74 79131
74 75 -3644
75 76 22867
76 77 110846
77 78 -43736
78 79 79070
79 80 79527
80 81 -27753
81 82 2396
82 83 -1667
83 84 129618
84 73 66016
85 86 21422
86 87 -120537
87 88 -150294
88 89 -27756
89 90 -26279
90 91 133539
91 92 144394
92 93 -83612
93 94 29555
94 95 -40154
95 96 182552
96 85 -43778
97 98 255869
98 99 105182
99 100 121221
100 101 194051
101 102 -64698
102 103 36887
103 104 17784
104 105 59741
105 106 154931
106 107 86403
107 108 61495
108 97 10989
109 110 123643
110 111 -39308
111 112 -4620
112 113 102548
113 114 -141272
114 115 -85578
115 116 92993
116 117 14354
117 118 79287
118 119 133049
119 120 6633
120 109 -22076
121 122 61034
122 123 57096
123 124 13384
124 125 92209
125 126 -156788
126 127 185361
127 128 133620
128 129 -11170
129 130 -25435
130 131 937
131 132 -178148
132 121 41930
133 134 49279
134 135 139337
135 136 87749
136 137 26089
137 138 -89431
138 139 285260
139 140 -77888
140 141 -51604
141 142 -141888
142 143 181496
143 144 -17819
144 133 60896
1 13 -157167
2 14 89589
3 15 -142176
4 16 -32968
5 17 3608
6 18 12279
7 19 40371
8 20 163165
9 21 100798
10 22 -48842
11 23 95585
12 24 130842
13 25 56046
14 26 -37313
15 27 48603
16 28 -100263
17 29 -141793
18 30 -11521
19 31 99973
20 32 -94565
21 33 7051
22 34 28127
23 35 -19157
24 36 -4568
25 37 -21135
26 38 11343
27 39 135227
28 40 142026
29 41 49211
30 42 4719
31 43 -104323
32 44 150775
33 45 97726
34 46 -115545
35 47 -129462
36 48 -142663
37 49 -32618
38 50 3405
39 51 29726
40 52 -6756
41 53 86390
42 54 -59652
43 55 25121
44 56 155808
45 57 -168902
46 58 -63269
47 59 34698
48 60 46330
49 61 -99514
50 62 -45030
51 63 57360
52 64 -2999
53 65 18460
54 66 -184064
55 67 -123013
56 68 -83412
57 69 -64335
58 70 -61207
59 71 -66709
60 72 -1830
61 73 46015
62 74 186395
63 75 45
64 76 -93856
65 77 19870
66 78 133562
67 79 -79485
68 80 -119060
69 81 64649
70 82 149251
71 83 -52144
72 84 -21022
73 85 32995
74 86 -6047
75 87 -58688
76 88 105166
77 89 -3894
78 90 -38007
79 91 121631
80 92 42716
81 93 -5947
82 94 -7210
83 95 76568
84 96 152632
85 97 -2077
86 98 111192
87 99 26608
88 100 54405
89 101 -33504
90 102 -161488
91 103 38454
92 104 -20640
93 105 -29052
94 106 83534
95 107 -227703
96 108 -31632
97 109 -32360
98 110 -167576
99 111 26294
100 112 24709
101 113 -17241
102 114 -247336
103 115 -50112
104 116 -44027
105 117 49967
106 118 90679
107 119 32132
108 120 -111551
109 121 33058
110 122 -11532
111 123 94787
112 124 -117049
113 125 38194
114 126 43866
115 127 -109568
116 128 -207074
117 129 -139618
118 130 -8128
119 131 -5971
120 132 -77854
121 133 123759
122 134 -62900
123 135 69163
124 136 131941
125 137 -92220
126 138 28348
127 139 -49950
128 140 -53010
129 141 -2198
130 142 -40938
131 143 -221188
132 144 46729
133 1 -185247
134 2 21696
135 3 3134
136 4 39034
137 5 -26378
138 6 219627
139 7 -85059
140 8 28329
141 9 32122
142 10 -20573
143 11 220704
144 12 104121