random 8x8 ising with solution -9,050,169
1 2 -150712
2 3 -134848
3 4 -120836
4 5 -91220
5 6 -81519
6 7 -16053
7 8 -33269
8 1 69393
9 10 92752
10 11 68156
11 12 -109732
12 13 -180243
13 14 -111708
14 15 36150
15 16 -19292
16 9 -131331
17 18 -216798
18 19 52539
19 20 -22706
20 21 69923
21 22 52926
22 23 -61169
23 24 -213825
24 17 -137660
25 26 8944
26 27 62895
27 28 -43406
28 29 -169627
29 30 131347
30 31 37700
31 32 96416
32 25 -178265
33 34 202826
34 35 -94079
35 36 61036
36 37 -24154
37 38 121140
38 39 -64739
39 40 80709
40 33 43985
41 42 -120250
42 43 64212
43 44 108317
44 45 -265573
45 46 19118
46 47 87014
47 48 217401
48 41 273985
49 50 111440
50 51 -241627
51 52 86094
52 53 -61740
53 54 25817
54 55 147612
55 56 -203137
56 49 183393
57 58 -42994
58 59 156688
59 60 -128832
60 61 81264
61 62 -34489
62 63 -56394
63 64 108496
64 57 43519
1 9 -107199
2 10 -172029
3 11 29443
4 12 23574
5 13 -20609
6 14 -84152
7 15 -33460
8 16 -64139
9 17 -43746
10 18 -53279
11 19 -58613
12 20 100567
13 21 19020
14 22 9160
15 23 -2042
16 24 -27413
17 25 27472
18 26 75047
19 27 -121570
20 28 120652
21 29 174917
22 30 122193
23 31 118492
24 32 -159012
25 33 168974
26 34 22204
27 35 163729
28 36 5334
29 37 -6899
30 38 62813
31 39 21217
32 40 110972
33 41 52871
34 42 -50377
35 43 27504
36 44 49852
37 45 -98379
38 46 -14033
39 47 33089
40 48 -195755
41 49 -39751
42 50 -112292
43 51 25830
44 52 -79684
45 53 -34272
46 54 -35406
47 55 16705
48 56 90059
49 57 12438
50 58 55089
51 59 39340
52 60 1793
53 61 -107409
54 62 72575
55 63 -145888
56 64 88860
57 1 -122530
58 2 -8499
59 3 51991
60 4 -17600
61 5 -138674
62 6 -131809
63 7 33780
64 8 65559
